0  0.7563398129173687  0.8713909557887486
1  0.6737805551716259  0.8137504628726414
2  0.5766579125608716  0.8381037797246661
3  0.5336009987762996  0.8095594729696002
4  0.5043714222099099  1.0008739488465446
5  0.5842291127358165  0.8462993502616882
6  0.5534322490649564  0.796319169657571
7  0.5177751098360334  0.9869915332112994
8  0.558498200561319  0.9352794672761645
9  0.49368594001446453  0.8924455216952732
10  0.49446849897503853  0.9541463511330741
11  0.4680276039455618  0.9206018447875977
12  0.4602269418537617  0.9660292097500393
13  0.43954303913882803  1.0080258761133467
14  0.4351067564317158  0.979770132473537
15  0.4761385204536574  0.9239972744669233
16  0.45029415988496374  1.0448902589934213
17  0.4562598935195378  1.0045050808361597
18  0.46817371009715963  0.9137683255331857
19  0.43041879470859257  0.8841216138431004
20  0.453228339020695  0.9135428241321019
21  0.4341746414346354  0.9168457218578884
22  0.4308718384376594  0.9341637577329364
23  0.3718073849699327  1.2572249855313982
24  0.4143145637852805  0.9342776111194065
25  0.40032135642000605  0.8615269405501229
26  0.37137823019708904  0.9782157412597111
27  0.3645196461251804  1.08185099703925
28  0.37592173527394024  1.017232941729682
29  0.34861799382737707  1.003883911030633
30  0.36924344514097485  1.0989440934998649
31  0.34909084838415894  0.9047881960868835
32  0.3669641023235662  1.218665702002389
33  0.33271009421774317  0.9945560012544904
34  0.31470597056405886  1.0488841789109367
35  0.3153818662145308  1.1791529655456543
36  0.32589771917888094  1.1828557976654597
37  0.3490489753229277  1.03286155632564
38  0.2963373594518219  1.0870064837591988
39  0.2900681644678116  1.1803871052605766
40  0.29053040380988804  0.9808794515473502
41  0.27272480593195986  1.0679190754890442
42  0.25880250494394985  1.1684818863868713
43  0.2429083553808076  1.1573388917105538
44  0.23917961493134499  1.0233854821750097
45  0.28749142055000576  1.2016588364328658
46  0.2819128033838102  1.2858735748699732
47  0.2575268817267248  0.9485351869038173
48  0.24420778852488315  1.2763939670154028
49  0.2533647982137544  1.3551779644829887
50  0.29952180651681765  1.223689683846065
51  0.28565508286867825  1.1593910796301705
52  0.2622339133439319  1.450164897101266
53  0.274641215801239  1.3280908380235945
54  0.3115627560764551  1.017676659992763
55  0.2862528291131769  1.2178053430148534
56  0.26631307921239306  1.1745672736849104
57  0.2283136589186532  1.2223458971296037
58  0.2279489915817976  1.239215110029493
59  0.24259435598339354  1.1908043793269567
60  0.20827254626367772  1.1652731043951852
61  0.2100677785596677  1.1350095442363195
62  0.20373936157141412  1.2398424318858556
63  0.1897483401532684  1.2591080069541931
64  0.17776458763650485  1.2932589990752084
65  0.1591299188190273  1.2398027607372828
66  0.1728622546153409  1.3184589743614197
67  0.20335554225104197  1.1834957344191415
68  0.2246035858988762  1.1442239454814367
69  0.22257963328489236  1.296218284538814
70  0.23944380772965296  1.3629411714417594
71  0.21262111847421952  1.2543334748063768
72  0.19649787353617804  1.2629042608397347
73  0.19101950419800623  1.246505584035601
74  0.21190492462899005  1.171480459826333
75  0.19423945727092878  1.212767779827118
76  0.1756058590752738  1.2331735491752625
77  0.162441523745656  1.2092245646885462
78  0.16028895122664316  1.151398812021528
79  0.15906021744012833  1.0427210160664149
80  0.14855646342039108  1.156131625175476
81  0.14010529472891772  1.160257773739951
82  0.13470055428998812  1.3631955810955592
83  0.14908045304140874  1.1627832565988814
84  0.14121306794030325  1.2307677950177873
85  0.15006300474384002  1.2299204809325082
86  0.13696026522666216  1.1784162478787559
87  0.13401930553040334  1.3229891572679793
88  0.13623234696154082  1.323765754699707
89  0.14869117603770324  1.1384905406406947
90  0.13854764495044947  1.3617390990257263
91  0.15539054745542152  1.1400580533913203
92  0.16946234753621475  1.178210437297821
93  0.19254228778715646  1.1774822558675493
94  0.179335605353117  1.2670230439731054
95  0.1510358833308731  1.2031901478767395
96  0.16205990021782263  1.2046646135193961
97  0.14094912726432085  1.172901919909886
98  0.1435143459322197  1.2229416285242354
99  0.15942322808716977  1.201147130557469
